15 40
3 11 0 -3
14 4 40 30
10 14 -3 -32
4 13 18 38
3 5 -18 27
14 6 44 -1
4 10 -39 -48
15 5 36 9
14 8 -33 -3
7 1 -12 -10
7 9 -11 -24
8 15 -25 37
6 1 41 29
10 13 31 -41
10 4 -33 7
10 9 -36 -42
1 15 46 -26
7 12 -42 -5
15 14 -27 33
9 14 -13 28
6 9 -21 43
14 13 -49 -31
12 7 22 3
12 15 2 37
15 2 -18 44
6 2 43 -34
4 5 10 -15
13 6 -48 38
13 4 -32 -32
3 11 26 -9
11 7 -39 -12
2 7 44 -26
7 8 36 -5
1 10 17 47
1 7 -36 -14
10 12 -49 17
14 10 -46 -1
6 1 17 -22
3 13 38 30
3 13 -20 -26
-20 20
