1000 1000
10 6 7 6 3 10 5 6 2 6 9 8 8 8 10 5 4 6 9 3 4 2 1 3 1 5 1 1 10 3 10 6 3 5 1 3 10 1 3 8 10 4 4 8 8 8 4 4 8 2 9 8 6 10 2 9 2 5 2 6 10 10 5 8 3 10 10 2 10 1 3 10 9 6 5 5 4 5 5 1 10 2 6 9 9 4 6 8 7 9 6 10 9 10 4 2 10 7 9 9 10 4 6 7 7 1 7 10 5 7 4 3 3 7 8 6 2 5 5 9 10 9 5 8 10 1 9 2 6 1 6 9 9 2 10 8 2 9 1 3 7 3 3 7 3 10 5 10 10 3 6 5 6 5 5 10 10 5 2 9 7 9 1 5 2 5 6 2 5 1 7 10 1 7 7 7 1 8 1 4 5 4 7 10 6 8 4 6 6 3 5 2 3 1 10 7 8 3 5 5 2 9 9 2 6 1 6 10 1 1 10 1 4 9 1 3 9 4 8 1 9 4 1 7 3 9 3 2 6 7 3 7 10 5 2 8 7 7 5 7 1 7 8 2 7 8 4 3 4 7 1 10 1 8 10 1 7 6 3 7 1 10 10 3 10 2 9 4 1 2 10 8 9 1 5 7 8 8 2 2 9 2 9 6 9 7 3 8 10 2 1 2 9 6 4 8 5 2 2 8 1 1 4 6 10 9 2 8 10 9 4 7 1 7 5 9 4 4 9 7 9 5 5 2 5 1 5 10 8 5 6 9 8 4 7 9 10 7 9 8 6 9 7 1 3 8 1 5 7 9 4 9 5 7 2 10 5 2 8 2 8 5 3 3 6 5 3 4 8 2 10 2 10 1 9 8 6 10 9 2 3 6 2 5 9 3 8 2 10 5 4 8 6 1 3 10 10 4 10 10 2 10 9 6 8 3 3 1 2 7 9 6 1 8 5 5 8 6 1 6 10 10 3 3 6 4 8 6 8 4 10 3 9 2 10 5 9 10 1 9 5 6 5 1 6 5 9 9 1 5 3 7 9 3 10 10 5 2 10 6 2 7 1 2 8 8 3 2 7 10 5 10 9 3 3 7 8 3 3 8 1 5 10 2 1 7 5 3 9 5 3 1 9 9 5 2 8 10 4 7 1 3 3 5 8 4 3 10 10 9 8 7 6 9 7 6 9 5 6 9 2 9 1 1 4 7 5 3 10 3 10 3 4 4 5 2 9 6 6 6 2 7 8 9 5 4 4 10 1 1 9 1 9 1 3 2 9 10 7 4 9 7 4 5 7 7 1 7 4 3 8 9 2 8 6 6 8 3 10 8 7 1 3 10 5 6 1 6 6 4 5 8 10 6 10 5 7 2 9 4 4 2 6 5 5 10 8 5 7 7 2 6 7 1 4 10 6 4 3 4 6 1 5 7 1 3 9 10 1 9 9 2 5 3 4 6 2 3 6 7 1 4 6 9 2 10 3 5 6 1 5 6 5 6 7 5 9 4 3 6 10 7 8 7 1 6 3 3 7 8 10 10 9 4 4 10 1 1 6 2 4 1 1 4 6 7 7 3 8 5 4 4 6 9 4 1 7 2 5 3 4 7 6 4 3 8 2 3 3 9 8 4 2 3 7 9 2 4 9 10 2 3 4 5 10 9 3 5 6 3 7 2 8 4 8 10 8 1 10 7 5 9 3 5 7 9 7 2 8 1 9 3 4 7 4 9 3 9 7 10 6 9 1 1 5 10 9 3 2 2 9 9 3 10 1 10 10 7 8 5 1 9 6 4 9 3 8 1 8 2 6 6 7 3 8 1 6 1 3 7 7 7 2 3 9 9 2 6 6 2 1 4 6 1 8 9 1 7 1 1 10 6 4 2 10 5 10 2 9 7 1 9 6 2 9 9 6 3 8 1 6 9 8 6 2 1 4 6 8 9 4 6 4 9 5 9 5 3 6 5 4 9 2 4 5 1 9 8 10 5 2 2 5 10 6 10 9 3 5 3 3 3 5 9 5 6 8 1 9 4 4 2 4 8 10 1 2 6 8 2 6 9 4 6 8 5 1 5 2 1 1 8 6 1 6 3 5 5 4 5 5 8 4 2 10 8 5 6 3 7 4 5 9 5 3 9 7 9 1 2 1 4 8 9 4 5 5 8 3 4 7 10 10 2 4 2 10 5 4 1 5 10 3 9 10 8 1 8 1 8 10 9 2 8 3 6 8 5 6 2 3 6 8 10 5 8 2 10 8 3 6 3 10 1 5 5 2 2 5 7 
1 2 2 4 3 1 6 1 4 5 2 6 12 14 14 15 6 14 11 17 19 4 3 21 10 6 26 11 24 27 23 31 10 7 28 10 20 34 1 2 12 31 19 29 19 3 44 46 27 1 18 28 13 20 30 56 4 34 51 30 18 44 59 23 17 66 24 28 55 44 53 15 64 50 7 64 75 42 77 56 56 71 17 23 46 41 69 42 46 28 78 9 82 91 8 67 43 21 10 99 50 77 29 50 105 85 34 31 11 108 62 106 31 19 1 67 90 107 29 76 72 67 120 65 94 10 127 128 61 8 40 53 82 121 122 12 12 128 89 71 95 28 34 43 43 85 84 76 85 38 58 109 111 53 110 90 157 2 136 116 46 77 161 132 33 29 86 134 85 89 64 139 67 105 160 173 134 171 56 29 111 70 142 183 10 50 46 106 154 24 166 48 124 94 50 54 157 31 180 151 150 177 177 197 98 52 196 182 171 50 126 37 64 4 159 82 176 81 170 181 130 82 74 189 82 184 97 119 83 135 1 113 201 234 103 205 214 209 20 163 114 74 52 16 200 115 242 91 236 202 234 13 166 136 175 134 112 172 29 209 104 121 203 192 51 72 52 70 25 126 99 37 113 129 46 31 123 235 38 89 250 13 91 214 65 116 258 111 97 67 220 284 46 142 74 205 168 49 171 33 280 5 11 162 82 42 2 268 200 304 224 135 194 231 228 198 165 317 231 208 152 45 176 152 190 245 207 237 138 108 38 315 316 161 94 285 8 183 139 64 282 277 117 135 322 103 305 315 30 79 238 110 139 318 273 325 3 234 220 12 166 112 336 344 94 5 266 107 213 92 234 246 86 42 117 89 261 123 215 379 305 32 172 274 107 33 108 14 35 101 250 247 68 267 241 392 287 281 353 220 356 338 94 267 173 31 182 301 14 121 363 369 267 115 136 99 151 126 205 86 300 218 51 109 317 287 92 411 331 247 393 340 209 350 182 141 352 129 393 171 329 3 158 154 172 84 268 117 392 291 10 46 332 104 230 102 54 164 49 379 452 87 256 154 17 112 188 8 175 258 6 191 319 461 462 95 105 292 70 379 399 113 36 260 133 449 240 251 330 123 50 488 152 426 204 186 166 244 327 450 204 292 405 65 109 16 395 332 480 475 243 502 24 170 152 182 382 205 95 371 68 227 407 212 18 506 103 194 424 286 426 431 485 326 466 321 482 17 79 169 196 41 221 248 119 425 265 327 248 429 35 184 512 470 189 275 439 467 482 190 268 288 26 77 44 504 214 153 165 440 507 253 380 153 187 17 214 552 41 256 75 54 349 29 231 30 162 483 587 300 519 325 127 62 581 303 228 415 231 458 489 601 323 351 460 49 190 332 594 73 208 562 351 208 98 93 591 519 42 5 157 498 350 226 469 484 614 200 341 341 498 161 294 439 409 305 622 452 103 114 571 55 107 307 404 51 89 10 525 42 499 342 168 587 21 559 417 455 118 305 644 578 527 147 360 488 665 248 554 650 380 404 446 520 607 361 177 414 653 42 115 209 199 451 139 51 493 144 581 604 188 346 378 431 538 662 343 30 91 565 408 545 167 144 163 58 321 296 61 389 644 446 489 42 496 312 56 510 458 195 454 442 539 68 87 86 396 666 655 634 683 240 614 22 123 246 424 220 641 570 547 666 696 601 168 672 670 305 258 486 2 698 215 205 195 239 639 401 542 286 482 66 717 694 101 503 362 20 634 463 488 115 39 203 220 112 360 629 367 193 560 663 239 438 723 23 621 221 470 287 778 17 235 714 484 76 609 596 342 39 515 41 576 229 523 43 219 667 613 328 718 755 615 263 46 464 623 131 817 662 437 530 712 382 151 595 735 454 658 308 497 153 364 556 385 664 766 799 220 671 193 295 247 452 219 788 684 123 262 478 435 553 461 92 268 271 75 355 470 537 787 166 327 646 208 346 555 516 757 353 183 399 269 548 466 52 850 354 331 322 642 591 866 50 766 252 387 740 24 659 831 620 306 773 657 134 257 665 552 862 77 851 243 373 734 534 229 776 747 407 139 157 349 539 346 131 788 889 70 739 182 487 43 559 530 809 37 428 923 546 178 577 544 275 844 590 530 709 392 547 496 225 49 736 54 145 681 697 751 271 752 754 823 319 78 474 814 494 457 260 885 918 840 360 532 160 106 584 194 6 178 231 551 816 466 849 95 802 868 611 207 504 616 823 197 172 64 770 57 654 778 396 707 809 302 643 263 700 881 
1 943 4
0 614 5
0 831 7
1 553 3
0 384 1
1 135 8
1 428 5
1 629 5
1 481 8
0 759 4
0 690 4
0 460 10
0 611 5
1 492 7
0 724 10
1 781 1
0 366 8
0 624 1
0 607 4
0 222 10
1 30 8
0 132 1
1 331 1
0 70 9
1 660 6
1 718 9
0 844 6
0 765 10
1 706 3
1 670 4
0 788 6
1 516 6
1 875 3
0 939 10
0 154 7
1 157 8
1 730 8
0 791 4
1 729 6
0 846 4
0 41 6
1 662 3
0 867 5
0 596 9
1 853 10
1 53 7
0 215 3
0 985 2
1 313 3
0 335 8
0 983 8
1 938 4
0 393 7
1 738 3
0 49 4
0 201 4
1 654 10
1 730 7
0 851 9
1 216 9
1 643 8
1 536 7
1 156 6
0 43 9
0 376 9
0 281 5
1 572 6
1 286 3
0 291 4
1 233 3
1 726 5
0 555 2
0 463 3
1 845 2
0 462 8
1 287 5
0 225 2
1 550 8
1 838 5
0 531 7
1 723 2
1 545 10
1 706 9
0 330 6
0 365 2
0 318 6
1 36 10
0 825 6
1 94 3
0 352 1
1 87 10
1 487 2
0 648 5
1 396 10
0 695 10
0 592 1
0 639 10
1 111 6
0 690 7
1 868 10
1 394 1
0 815 5
0 206 5
1 858 9
1 952 1
1 191 2
1 592 6
0 973 6
0 581 3
1 966 2
1 481 8
0 101 9
0 165 2
0 62 9
0 991 5
0 171 2
1 41 7
0 414 8
0 861 10
1 102 8
1 696 3
1 862 7
1 921 10
0 981 2
1 150 6
0 25 3
1 897 3
1 832 6
0 867 7
0 189 9
1 274 6
1 718 9
0 473 7
0 887 9
0 44 2
1 422 7
0 660 4
1 388 2
0 32 6
0 553 10
0 386 7
0 161 8
0 685 1
0 801 8
0 22 1
1 328 9
1 144 1
1 420 2
1 64 6
0 920 6
1 805 5
0 923 6
1 966 10
1 845 4
1 959 9
0 255 3
0 827 1
1 179 10
1 920 9
0 491 8
0 163 7
0 714 10
0 182 7
1 809 4
0 281 10
1 532 5
0 80 3
1 139 2
0 684 6
0 784 6
0 290 5
1 107 10
0 11 4
0 998 5
1 798 10
1 872 7
0 486 8
1 261 1
1 634 6
0 322 4
1 891 8
0 258 10
0 58 2
1 373 6
1 271 6
1 216 6
0 525 10
1 503 2
1 726 6
0 371 8
1 379 10
1 890 3
0 322 2
1 407 6
0 596 3
0 231 7
1 605 3
0 656 9
1 30 4
1 62 8
1 200 1
1 199 10
1 592 4
1 994 10
1 526 2
0 239 7
1 436 10
1 91 10
1 981 3
1 197 10
1 551 1
1 324 6
1 742 2
1 29 8
1 320 10
1 659 7
0 346 7
0 283 3
1 319 1
1 856 5
0 748 4
1 589 9
1 207 1
1 624 1
0 898 7
0 843 2
0 389 6
0 73 6
1 637 4
0 922 5
1 647 8
0 941 1
1 787 6
1 263 3
1 643 6
0 793 2
0 888 1
1 392 2
1 987 2
0 869 4
1 566 4
1 402 8
1 407 1
1 547 10
1 449 4
1 653 1
0 462 2
0 184 10
1 524 3
1 162 4
0 8 4
0 168 1
1 430 3
1 885 3
0 246 4
1 272 8
1 149 6
1 215 4
1 448 1
0 503 9
1 16 10
1 346 6
1 369 8
1 446 6
1 260 6
1 254 3
0 71 3
0 100 10
1 602 2
0 809 9
1 410 8
0 858 6
0 684 5
0 586 5
0 623 5
0 204 4
1 159 1
0 359 3
0 286 8
0 556 1
0 813 3
0 672 7
0 282 6
0 356 1
1 910 8
0 765 7
0 152 4
1 355 9
1 824 5
0 139 10
0 453 1
1 875 8
0 253 1
0 623 7
0 66 7
0 94 10
1 155 3
0 962 10
0 758 4
0 437 7
0 510 5
0 867 2
1 895 9
1 427 3
1 247 8
0 361 7
1 301 8
0 521 1
1 473 9
1 82 4
0 38 3
1 788 5
1 947 1
0 227 10
1 527 4
0 188 3
1 392 5
1 322 5
0 189 10
1 251 3
0 36 4
0 796 5
1 70 9
1 31 3
1 152 8
1 689 8
0 542 6
1 170 6
1 379 10
1 506 8
1 205 7
0 21 1
0 15 8
1 658 3
1 252 5
1 217 5
0 232 9
0 641 10
0 295 4
1 705 10
0 248 8
1 64 5
1 421 10
1 173 3
0 597 9
0 858 6
0 268 10
0 159 6
1 951 1
1 694 7
1 398 9
0 287 1
1 639 8
0 77 3
0 443 6
0 820 1
0 884 5
1 524 9
0 788 2
1 972 6
1 522 3
0 626 4
1 914 8
1 596 7
1 946 1
0 593 9
1 225 5
0 33 4
1 702 4
0 733 9
0 684 2
1 499 2
1 564 8
0 445 3
1 119 6
0 292 5
1 686 1
1 293 9
0 940 6
0 208 4
1 752 10
1 328 4
1 54 10
1 337 9
1 186 3
0 418 6
0 357 7
1 710 9
1 993 10
0 738 10
0 641 5
1 338 6
0 389 4
0 105 7
0 34 10
1 417 10
0 275 2
1 396 10
1 814 9
0 14 6
0 995 4
1 337 1
0 856 4
1 230 9
1 903 3
0 763 4
1 759 10
1 446 8
1 548 9
0 63 4
1 133 3
0 259 4
0 967 4
0 329 3
1 404 1
0 87 1
0 996 2
1 718 7
0 193 5
1 806 6
0 978 6
1 925 4
1 565 4
1 979 5
1 281 9
1 912 1
0 319 8
1 597 9
1 248 3
1 560 8
0 166 8
0 798 9
0 304 3
0 549 4
0 523 6
0 493 5
0 811 9
0 712 8
1 15 3
0 160 7
1 468 3
0 390 5
0 91 7
0 492 5
0 487 4
1 749 10
0 273 5
0 538 10
0 975 9
1 573 4
1 653 6
0 130 6
1 44 8
1 492 1
0 490 1
0 387 10
0 364 2
0 667 2
0 23 4
1 875 2
0 378 6
0 731 4
1 710 9
0 68 7
0 878 10
0 29 6
1 762 5
0 991 5
0 140 8
0 837 1
0 199 10
0 659 8
1 81 3
0 944 6
1 643 5
0 304 4
1 587 6
1 588 1
0 670 8
1 733 3
0 278 5
1 573 1
1 351 9
1 603 9
1 163 6
0 915 7
1 182 10
0 635 10
1 467 4
1 258 8
1 715 6
0 354 7
0 2 10
1 747 6
1 603 9
1 756 9
0 295 10
0 657 2
0 914 2
0 729 8
0 580 9
1 622 3
1 998 4
0 92 6
1 713 9
0 809 6
1 805 2
0 681 1
0 439 3
0 488 6
1 954 9
1 937 9
0 976 10
1 699 3
0 591 10
0 896 2
0 990 9
1 839 3
1 152 10
1 268 8
0 221 5
1 292 6
0 89 1
0 621 4
1 469 7
1 884 7
0 585 5
0 63 4
0 502 5
1 1000 6
1 235 1
0 309 7
0 723 4
0 529 6
0 208 4
0 622 8
0 707 3
1 406 7
1 923 9
0 632 2
1 276 10
1 629 3
0 394 8
0 261 4
0 693 2
0 7 6
0 796 10
1 288 4
0 29 5
0 988 2
1 856 8
1 577 10
0 546 6
1 674 5
1 581 9
0 67 5
1 413 9
0 194 3
1 210 5
1 981 3
0 582 1
0 121 4
0 829 4
0 296 6
0 33 10
0 647 2
0 17 10
0 281 10
0 48 10
0 685 1
1 311 1
0 4 9
0 191 1
1 501 3
0 207 8
0 875 10
0 327 6
1 654 5
1 932 3
0 774 1
1 267 10
0 9 2
1 638 9
0 763 8
1 491 2
1 576 7
0 718 9
0 349 10
0 260 2
1 630 2
0 965 6
0 557 4
1 7 3
1 154 5
0 498 8
0 410 1
1 422 10
0 784 3
1 294 1
1 350 6
1 740 8
0 301 7
0 920 7
1 494 4
0 590 3
1 352 5
0 473 2
1 761 9
1 209 5
1 648 6
1 521 3
1 689 6
0 473 6
1 634 1
1 243 8
0 373 9
1 553 1
0 459 8
0 746 10
1 219 7
1 440 6
0 308 7
0 600 2
0 190 6
1 441 4
1 668 9
0 784 7
0 981 6
1 853 2
1 618 1
0 608 8
0 864 9
0 786 1
0 721 8
1 942 10
1 715 9
1 537 9
0 511 7
1 782 5
1 888 7
0 624 1
1 510 5
0 998 8
0 2 4
0 868 1
0 471 5
1 760 5
0 568 6
1 32 2
0 435 8
0 615 5
1 408 6
1 52 3
0 254 10
0 33 1
1 921 9
0 557 2
1 311 10
1 514 4
0 704 7
0 433 8
0 119 6
0 810 6
1 160 4
1 521 9
1 847 2
0 755 4
0 926 7
0 795 8
1 682 1
1 895 6
1 134 10
1 829 9
1 4 5
0 910 7
0 185 3
1 432 7
0 593 6
1 365 5
0 380 3
0 353 4
1 916 5
1 696 9
0 228 1
0 240 9
1 625 3
0 679 4
0 39 8
1 412 4
0 699 9
1 115 10
1 788 10
1 11 7
1 478 5
1 284 2
1 615 10
1 37 2
0 940 5
0 499 10
0 44 9
1 627 5
1 105 10
0 72 5
1 234 10
0 740 5
0 720 10
1 711 4
1 707 6
1 231 6
0 964 4
1 938 5
1 268 10
0 731 4
0 856 6
1 215 3
0 543 7
0 192 2
0 963 3
1 688 2
1 586 2
0 149 10
1 494 1
0 311 4
1 311 1
1 211 10
1 71 7
0 36 2
0 552 8
0 186 7
0 769 3
1 630 3
1 254 10
0 274 6
1 266 4
1 477 3
0 729 1
1 50 1
1 320 10
0 175 3
0 866 2
0 123 10
1 655 9
1 530 4
0 821 8
1 206 3
1 179 4
0 93 8
1 925 5
1 83 6
0 339 5
1 813 2
1 815 9
0 844 10
1 200 10
0 950 5
1 217 4
0 381 1
0 212 10
0 328 9
0 798 2
0 513 1
0 969 8
0 407 10
1 914 2
0 233 2
0 587 5
1 249 1
1 912 7
1 870 3
1 96 8
0 204 8
0 228 1
1 344 6
0 650 1
1 777 3
1 504 5
0 552 9
0 163 5
0 631 10
1 794 8
0 800 4
0 836 10
1 258 7
0 751 6
0 651 6
1 249 2
1 595 10
0 439 5
0 336 1
0 974 8
1 690 3
1 943 6
0 729 6
0 381 9
0 929 6
0 915 9
1 568 3
0 826 4
0 6 2
0 662 5
1 112 3
0 331 2
0 8 8
1 988 2
0 362 4
0 406 10
1 119 9
0 226 3
1 794 5
1 370 9
1 548 8
0 173 6
0 341 4
1 284 7
0 593 1
0 79 3
1 990 4
1 687 9
1 864 4
0 655 5
1 113 10
0 285 2
0 703 1
1 330 3
0 113 7
1 715 5
1 267 10
1 224 6
0 403 5
0 207 7
1 138 5
1 491 2
1 557 7
0 984 2
0 353 8
1 27 2
1 86 3
1 397 2
0 816 3
1 388 6
0 159 9
1 819 7
1 718 6
1 575 9
1 408 9
0 728 5
0 367 6
1 248 9
1 647 6
0 473 5
0 27 5
1 730 1
1 593 6
1 461 10
0 625 3
0 911 8
1 444 10
0 138 2
0 75 9
0 848 4
1 175 10
1 1 6
1 44 3
1 214 7
1 61 1
1 79 5
0 677 9
0 395 1
1 237 10
0 473 1
1 853 6
0 211 7
1 333 7
0 534 9
0 248 4
0 787 8
1 838 8
0 816 5
0 444 9
0 209 1
0 864 4
1 755 3
0 249 2
0 94 2
1 892 1
1 894 2
1 22 4
0 588 9
1 732 9
0 66 4
1 527 5
1 378 8
0 99 8
0 22 4
0 601 1
1 353 8
1 831 7
1 363 2
1 150 8
0 688 5
0 714 4
0 926 7
1 105 1
0 20 9
1 345 7
1 332 9
0 969 9
1 99 10
0 210 10
1 693 10
1 241 10
1 257 9
0 915 5
1 257 2
1 378 10
0 585 2
0 130 1
0 722 8
0 570 9
0 556 1
0 191 2
0 157 9
1 660 7
0 873 10
0 357 9
0 729 4
1 369 10
1 58 7
0 352 4
1 504 7
0 912 7
0 319 3
1 299 8
0 582 9
0 748 2
1 88 4
1 100 7
0 812 4
1 489 4
0 542 6
1 63 6
0 377 3
1 252 4
1 485 8
1 634 9
1 963 4
0 506 10
1 171 2
0 963 10
1 132 5
1 568 7
0 550 9
1 322 1
0 59 2
1 839 9
1 326 5
1 884 7
0 123 10
1 614 5
0 250 1
0 836 4
1 524 4
1 609 4
1 848 8
1 707 8
1 220 8
1 890 2
0 209 9
1 737 1
0 906 6
0 336 5
1 741 2
0 972 10
0 272 4
1 921 8
1 664 9
1 597 3
0 669 7
0 14 3
0 128 10
1 465 10
0 741 8
0 528 5
1 248 7
0 694 2
0 318 4
0 485 7
0 703 10
1 307 6
1 480 10
0 736 2
0 884 1
1 580 2
0 135 1
1 262 10
1 148 9
1 246 7
0 637 1
0 573 4
1 112 5
