5000 5000 990728247
1544 1537
4909 1897
3105 1081
1500 1549
2659 4504
2178 2883
3873 3007
4968 1229
1846 470
3170 4990
1215 3915
2145 3663
4573 4591
989 1212
3973 1720
1349 3969
4914 1862
4535 4622
2267 1319
1539 1865
3069 4683
1697 2814
4726 3889
2043 4380
4305 2457
60 4466
1829 4137
1539 3616
4463 1101
2819 2325
306 2697
1366 4289
2582 4606
4148 3314
3463 924
53 4429
4919 2407
4133 2007
690 985
1227 3931
2867 2761
1249 192
2226 1352
4614 2399
155 2378
1192 4266
2233 2203
1467 1088
4039 1097
4122 4255
2364 1489
2498 645
3975 696
152 110
292 347
2648 4334
3911 1769
2157 2323
4379 4393
2394 2156
1850 3873
4692 2418
1764 170
3716 3258
2199 1809
4960 2811
3591 1515
1534 58
2042 2671
4924 2426
2482 2744
3130 4290
4018 164
4516 3454
4591 4822
1176 4670
3109 4703
3022 4554
4042 2814
2020 2394
4965 2684
2887 903
791 4781
529 1698
418 458
2997 4745
4204 3494
1590 3642
2049 556
755 4794
1669 3837
1929 3787
1082 3225
1329 1119
3871 1354
2303 4178
1653 1199
4227 505
2422 894
3065 3452
3430 3792
1489 2577
2430 2924
3823 2501
1771 4966
2256 1756
2368 4471
2614 45
893 4772
2771 3739
3419 2200
2825 1376
4794 1259
19 2719
951 3383
2780 1595
3277 4126
4141 298
2454 3079
3739 2423
251 2226
3973 1052
383 4262
1036 3068
1596 3443
3408 4988
3673 1299
1510 1173
2228 106
139 2510
4585 3862
1406 792
2171 1288
3587 1808
2737 4332
2260 2909
4442 1060
427 2902
16 4627
219 1225
4750 3940
2519 3688
4312 4018
4486 3842
1611 4440
4656 2773
1375 4417
258 330
2302 4439
4223 4654
1875 18
532 3016
2270 2076
3492 1277
3046 2452
1680 2562
3842 2873
819 228
3628 4770
4439 4506
4647 2289
1767 2374
2691 2515
4426 433
1252 1934
3687 3188
1487 3936
1191 3121
303 1474
2403 1588
926 1618
969 334
240 4123
3544 2174
405 1126
3317 2156
931 3281
4793 393
1416 1490
1294 1557
4885 1103
2653 2452
3986 4805
4082 216
4194 1325
4231 4690
800 4958
4314 4238
2999 807
3764 4191
3535 1002
1338 3511
1757 3720
3351 4078
4008 765
2451 4253
2674 622
2976 4322
1011 226
982 1877
275 1448
1168 2048
1078 403
4940 925
2270 3088
870 369
2050 1721
2372 4519
4072 3138
2787 3967
3101 84
764 2723
4756 3918
588 2133
3227 41
2438 2513
3216 1969
654 3587
1951 585
4610 4642
4310 313
2096 1994
4891 5
2837 2982
2979 2500
4330 445
1531 1095
302 520
3987 2168
4663 540
4271 3681
3638 3533
3688 3109
136 1575
2937 1774
354 209
4664 339
4525 2217
3595 2656
2124 3017
2158 3180
74 4675
1402 1370
180 1869
2506 3821
1298 2686
4455 1843
1254 1249
2975 4555
4072 2666
4321 2834
2677 455
3633 4733
651 1517
4338 1376
2942 2099
4540 3977
3247 900
3654 4790
2060 3055
1160 1988
1328 2495
3496 2746
1504 4155
1704 2776
1323 293
2465 3270
1011 510
2776 4715
1841 1839
3660 57
4934 2548
1400 1398
2115 4261
2827 4603
2245 2769
3377 1758
2209 2594
3893 1797
2496 4587
879 1688
1170 204
2143 780
2984 553
1953 672
2345 2823
4189 788
470 3103
4382 4508
4206 4145
3095 1704
1535 1262
4875 4995
2598 223
3946 1669
80 3075
1528 2332
3356 490
482 4530
4126 1038
4595 304
4720 3594
91 613
2788 3225
4028 4636
3097 832
177 284
3345 2838
2038 4997
2963 1555
2098 1262
519 4438
3431 2090
1462 429
1291 4795
1277 803
1154 3519
3085 3374
1690 4872
3636 1345
2167 2654
2521 2006
2108 1240
1548 3801
4383 443
1148 3352
1168 3878
4415 1179
450 3505
2862 3609
51 3448
4648 1990
2142 1055
4970 2342
4426 1931
4704 2379
437 4721
4981 50
3682 3435
3675 1342
3374 2634
864 2700
2970 269
2017 1902
4989 2948
4993 1661
722 845
1218 2696
1031 2198
2349 2457
3775 863
2437 1694
4954 3002
4050 906
359 2549
118 1895
4018 4203
3449 4763
4452 3763
4904 665
2462 3708
1044 2222
3082 4348
3782 4439
126 4077
2174 1546
4129 1365
670 4157
108 4850
3677 460
2480 4751
4703 1364
973 2260
4300 493
4679 3381
4568 571
3000 1509
4450 4206
508 1624
2470 3775
3853 3288
3812 4418
3233 272
3018 2252
4851 4138
4220 1874
3423 2172
1214 2882
2232 1274
3088 4213
4394 1075
4024 3331
1140 2397
1132 4442
1442 2793
1084 3696
4511 4601
3355 4713
2340 2530
3712 3031
2419 2438
2946 3660
2052 1562
4339 299
3829 3958
1875 744
2438 3567
3185 887
684 1572
4853 456
2834 1361
3398 334
1886 4888
3089 4851
4073 3574
633 1326
2291 137
2376 4995
4961 3101
732 3222
2221 2120
4505 2855
4182 1284
3720 766
965 2087
1505 1222
691 2454
1431 611
588 100
3195 2096
2599 235
21 2605
2575 1341
2902 2313
588 3152
472 4440
449 4290
708 693
3889 2754
1456 406
2582 3439
3934 955
561 2552
79 330
4331 706
2580 2601
164 2815
1753 1910
4699 261
4005 545
4935 1590
1186 1641
662 3210
4541 116
1533 525
385 1275
509 2024
239 3924
1607 2137
2275 2395
3203 905
729 3284
4631 4834
154 866
164 2066
1224 958
29 3928
1309 1033
2272 2629
3882 834
579 4119
2236 2123
2467 805
2121 3357
737 1188
1593 845
1502 1740
2245 3517
414 3410
3425 1382
77 3788
144 1161
3043 723
953 2545
247 321
1160 3160
1762 337
3357 2840
2753 2078
3093 3203
3681 4467
297 3173
4690 2312
1829 3387
2490 534
1218 1762
1664 1294
2162 2514
2460 4341
4264 4903
3734 80
227 2853
3520 683
4730 3405
1341 2564
3444 3261
2827 1753
1500 3882
3419 4205
1703 2175
3517 4877
186 1618
4710 27
2692 1144
4843 321
3967 3568
3859 4124
2778 4105
2630 1060
4100 2401
3339 1409
1145 591
4812 2468
4695 122
2731 3092
1187 1554
4109 3364
4420 2556
3247 657
3447 522
1252 4972
2634 3083
2554 1621
4035 676
2561 800
353 4520
21 1109
3190 3767
1808 2159
438 1050
74 4972
4879 3435
1358 1503
301 4334
2748 1362
1728 1552
2809 4487
3701 869
4379 2518
816 312
1509 2325
3731 1736
3396 4249
1640 3957
1032 4254
2556 1146
453 2307
2983 3343
4010 3718
2242 1902
3757 365
1140 1302
4433 4734
31 2106
2303 2476
2827 2684
4357 4169
4357 2567
422 1677
285 1708
4954 1418
1215 1848
4540 2568
3366 4224
4009 2110
3721 4001
331 2430
1112 4672
4065 3430
3231 4655
4490 3584
2224 4243
501 4113
3488 1222
3896 2914
448 119
412 2106
3236 2341
3057 4860
508 292
3908 1217
2740 2614
3280 1083
1143 618
1344 550
4587 98
1026 4298
4218 1988
3234 840
4297 4815
3821 896
331 2608
1444 420
3869 3013
363 1003
3593 4020
1816 1042
740 2229
3137 1933
3517 2302
3372 4037
3561 3495
1057 4707
1971 1893
3730 1743
368 4984
4705 3453
2861 4716
3412 1682
492 2703
1337 158
1858 2753
3183 699
3717 1673
2649 4121
4818 3172
4808 2156
3688 4551
123 2264
925 4569
4755 1952
3198 1396
3536 1829
669 141
908 1908
2610 782
381 3854
4841 4295
3456 134
1105 3708
698 4906
649 2419
3068 3522
2106 2367
3854 1008
939 1808
1864 3017
99 2716
2312 4918
2559 1577
2320 931
4186 2075
1776 3199
4775 2582
4228 4262
4656 1121
3942 4184
2237 1634
1841 2790
1009 4424
4246 3604
2287 3439
4660 1306
2731 2976
1827 1746
3681 75
1870 4959
1999 872
3519 2090
2862 3729
65 2279
4006 583
3655 2784
3546 3960
21 1270
179 1623
4611 4347
2461 3339
2467 4374
1966 3505
2786 2011
4277 4276
2023 753
1264 3026
3337 3858
4032 2471
1765 515
2118 1526
3982 2979
2435 4655
2959 2600
1918 1066
1373 4651
3509 912
1088 3424
3502 2130
1444 759
917 1688
4475 4580
4597 4082
585 1963
3391 4021
331 4769
494 4533
3718 4947
4739 2170
950 2160
1902 227
4650 3834
2375 3871
4224 314
3282 1764
398 4697
3214 670
3120 511
4836 4410
4358 3148
1569 3087
3315 2592
3887 1837
627 427
3438 2494
1404 1585
2945 1842
890 1428
1889 1091
3848 1527
3445 771
1984 3104
1100 1308
4583 2212
4877 814
1855 4
263 502
2396 4426
1392 139
1230 1558
4031 884
2069 3802
599 2442
4921 1422
3082 3533
2108 4214
3722 1497
778 1982
3443 2954
3270 3632
1201 3602
4512 2287
2138 4452
4081 45
1653 343
1907 2858
4414 2974
370 4962
176 2576
3117 2981
161 2415
226 3545
2441 1588
1437 2611
3299 1688
1792 594
754 3847
2763 2963
887 2191
2443 4506
3586 50
4712 509
1428 4567
384 1612
4431 1669
3965 1632
1935 3582
4517 1007
3578 1727
2859 3320
1936 3626
4270 2664
1181 4347
1284 4574
864 2715
3919 3394
514 894
4984 28
1810 3292
261 3636
838 1140
744 3296
3509 3639
148 3902
1629 1573
4057 3479
2021 1713
4120 3314
4652 4759
4900 875
1570 4303
3946 4746
4224 1754
79 4490
1209 434
2840 2269
583 3881
4028 2761
2391 4936
1144 2928
1795 4844
1584 712
3425 3718
4608 3801
3579 3795
4356 520
1067 4616
3001 4868
4131 3624
2304 108
2779 4988
4391 1166
3227 815
4597 357
1803 2862
2005 2763
3728 4381
3623 880
674 4410
3764 2932
3423 226
848 3301
1716 1934
3524 2483
4899 823
2074 2556
3338 3714
1721 291
3401 1483
2237 1947
1407 3449
4724 3525
945 1267
3088 1779
4326 2393
4011 3496
4545 1585
772 90
3200 2169
1749 2252
2029 2765
4293 323
3319 3550
2583 4301
1857 1961
351 370
1121 3203
4175 4645
99 303
2354 2422
3158 874
4815 1426
4466 4390
1636 73
1526 3431
4840 785
1457 870
1214 2094
1202 4229
2056 3192
2106 4024
1171 3653
3134 1767
2776 2596
3654 508
4106 2296
2379 390
547 2429
3626 668
2093 2448
4936 3073
4930 2619
2822 2459
832 2981
1446 1001
3600 2247
3742 2421
3041 870
2070 4382
2941 4800
700 1477
3356 3655
3145 1305
2236 623
2519 2168
2971 138
2664 1101
1678 3016
2815 836
4125 4946
1043 1200
2446 73
3899 2890
2113 4286
2020 3043
3243 4014
1746 399
830 4837
39 4183
4256 1817
1375 3133
3682 3319
3690 1293
1740 2683
3476 945
3327 3953
4568 870
483 3980
459 465
4274 984
4672 1795
2664 3926
2429 4333
3600 4991
1600 1428
2659 3567
3744 2084
4990 4599
3190 2110
3341 2297
4598 255
2664 664
3740 503
2024 4510
1347 2852
4772 953
2300 4298
4102 2712
2596 2475
464 2814
3938 586
64 589
4854 3934
3171 1448
3416 2049
645 695
3717 4410
940 4910
2195 1143
1630 60
1258 2125
2037 3902
2825 980
1890 4505
4998 205
105 1108
888 2293
4643 4964
1066 2052
3691 2438
463 3798
1248 2420
4443 1158
3003 4837
1055 2783
3183 3783
512 3886
1463 1315
3931 2629
3607 3707
2681 4040
532 2881
3627 3586
1531 676
3911 1361
4170 113
1138 4409
6 2037
1171 2513
3520 3931
4060 3481
1073 2346
802 647
1751 536
580 1931
1259 119
2388 3220
4002 1447
4365 2552
1740 3596
2822 656
4522 1978
2281 1634
2103 1518
4739 4403
2259 1531
3458 4820
2168 2247
374 3709
163 3049
1030 2406
2098 3852
4112 2318
4969 3657
3569 3025
4615 1950
880 601
359 2244
2808 3642
1874 1774
1991 2494
2529 4696
3026 3193
4282 26
263 3774
615 505
3449 1358
2100 1921
2229 1306
2898 2651
3786 2516
4695 4752
2248 3933
2661 1441
3193 1280
3165 1145
264 4966
2356 4734
4801 1193
3815 1519
2982 4600
2307 3513
1891 398
3988 1454
41 73
1724 56
588 1150
268 2988
39 2390
806 4969
2516 3733
4135 222
3105 1724
2201 304
3529 4165
2035 2784
87 3894
572 4088
4035 4357
4374 3497
540 4826
4963 2339
2609 4640
3209 321
3887 4770
1773 4359
1457 2100
4544 1502
2216 967
4683 3147
876 2254
4736 4141
2891 2306
181 3866
2361 3780
1401 1938
3669 2916
3745 3937
3211 4183
2773 894
211 4526
2874 605
3925 2374
2315 3356
17 4183
1900 2407
119 2357
1192 3940
272 3176
4759 4267
2812 2060
3775 935
4417 2861
2390 2166
2315 4481
710 3480
4692 2135
1169 3165
1699 892
1394 1294
4040 3855
1425 346
4019 1036
1592 4027
1763 1651
4974 121
4836 1521
3810 3310
3149 876
3674 1343
948 4129
62 2809
2631 3178
4252 3226
4626 2092
1689 1113
780 2034
4812 2483
4057 3798
334 4463
321 27
3374 1256
707 168
4407 3997
2881 2783
2446 2076
4288 1236
3787 3741
1201 4666
3196 193
3835 4851
1552 1134
1836 2693
1196 2921
1482 4565
2314 1610
2078 2422
4264 1742
4186 4724
161 3317
348 823
2208 4452
1518 3769
1048 1645
1536 851
4936 1319
1300 4311
2336 3301
3225 1550
3263 2523
3095 4550
2368 2034
683 2946
4497 1838
1309 435
3958 2933
3461 4103
3033 3670
4038 51
4151 3945
4532 3331
4205 4012
3010 1130
3146 514
1331 1950
3058 927
4625 2351
1445 1426
3129 1080
1712 3203
4046 281
2717 444
120 3258
3625 3862
4042 2757
804 32
810 2032
1526 3604
485 1256
1156 4108
3045 4132
665 1175
3193 1164
1438 1746
1103 342
3639 910
4946 2440
4929 4570
2330 2371
2632 1074
2911 910
3374 2471
3700 442
1108 4211
2511 2438
3849 3419
3974 1743
1336 761
2002 1680
1344 383
2211 2424
1031 1406
4341 2876
4722 3599
2596 2298
465 3423
2656 1352
2843 1439
152 3255
3310 4769
4461 4162
72 1010
182 2810
2031 4181
705 96
2680 1411
2503 1683
710 1519
4528 4945
1216 1527
2703 2620
3287 2465
2271 817
4443 1432
3422 2977
2512 579
971 1242
2874 4202
3864 1034
680 67
2880 3162
2499 3472
2457 1276
786 4589
4334 961
4833 2920
3998 466
173 749
824 1793
2773 100
2729 4026
4223 3421
204 185
387 3910
3775 2968
3386 2941
1831 2720
3006 3755
981 4560
678 435
2233 2736
855 518
3251 3434
2470 3170
4494 3710
4570 1136
3086 1075
2742 3145
1594 1221
2137 2580
1570 135
992 883
799 788
2424 1896
3025 697
3290 65
517 767
4600 4245
1370 103
4513 4936
4104 170
1477 649
3191 736
3505 3027
4334 3032
3876 4338
4393 3562
879 3515
938 2958
65 2992
911 158
905 539
552 699
2085 338
2663 1939
1672 3923
4389 3946
3710 4482
4253 2609
1049 2112
4733 1396
3939 1259
3618 1018
1968 2832
3234 2549
980 3945
1394 2447
854 3138
3086 1806
2724 4
21 635
3508 2489
2999 3316
2257 2058
2965 3805
1292 4257
4826 3704
4387 1318
1887 1488
2705 3383
1854 1975
2979 248
1604 3653
3251 1350
2800 3171
3454 4293
3939 1304
4408 4472
1918 1297
1596 2978
2434 3516
2999 1156
2318 549
921 3448
499 803
687 548
2155 4702
2839 1404
3956 2301
2524 1648
4476 1429
1607 2029
2008 811
845 168
806 3520
4160 4024
3678 493
3512 4775
2590 1256
2703 2147
11 2649
4055 3956
935 259
854 436
454 3801
1560 2641
3119 3255
1355 1683
1777 468
1397 235
188 3722
4921 1648
1049 2491
1958 2602
2888 4318
4584 4631
1178 2877
3548 1912
4045 605
3836 1523
3318 3512
4317 188
1857 4255
4817 4036
202 1925
834 1204
281 81
3175 4350
1332 2006
3587 4118
2404 3655
2359 2024
4664 2745
828 2382
2742 4664
4140 1569
2316 1522
811 66
962 2253
4196 1709
1747 1010
1885 3869
3354 4455
2896 2941
2745 3947
2836 1758
657 908
227 4916
215 3316
3699 3341
150 1654
2181 2066
955 3209
4436 1053
3849 2967
3679 4122
1276 1777
4662 4102
2927 3375
4623 1806
4620 1656
2348 2122
1255 4356
2784 4097
2123 147
3666 4316
4917 2484
4538 3901
3960 3970
4354 2473
1607 908
3829 4241
3213 894
744 3984
2895 164
169 602
2334 4598
2855 1644
2596 3143
677 191
3295 727
2739 2400
3102 4503
3267 4988
2369 1284
948 1707
3847 4406
2875 1969
3871 4135
2057 2875
1048 4951
3491 3579
2227 2371
1469 1861
2559 700
137 2640
231 3178
994 8
1050 3167
2271 445
2228 3725
624 4847
2171 2738
3870 4942
2060 2881
1838 3619
2118 3979
4182 248
2240 3135
2625 3273
2591 4745
1809 2320
369 4250
2691 4461
580 3817
3978 3788
304 2754
1020 1470
851 179
537 1981
3209 4141
605 3874
2470 2286
298 762
3299 552
4626 3136
3022 3179
4912 2487
2581 2964
3512 4014
150 2455
872 2663
2803 141
4581 2387
2367 121
1486 1422
4937 4332
1702 891
4097 1662
2305 1570
4815 1556
1528 221
3495 2540
1463 2838
639 4636
774 4530
1606 989
2875 3546
2501 4984
2388 2106
1497 1718
1998 1212
4877 3009
2119 4791
4393 1765
117 3686
3726 2789
3789 2911
2369 1921
1802 4644
3699 849
420 2813
2823 2976
2931 3038
790 2601
1870 3898
2168 2812
2152 690
969 2894
3587 510
3524 868
4086 684
381 2858
3324 2640
536 543
326 2940
2165 416
4890 3774
474 3182
4715 3924
66 1799
255 2100
120 2682
2533 3744
344 149
2609 4339
2471 4666
864 1905
27 3321
4062 258
264 983
4232 2675
2973 4338
298 3899
2760 341
833 2706
2393 731
4682 1410
3274 412
4152 1257
163 947
2735 2980
277 3680
4503 2113
4925 4149
2236 261
3812 3864
4451 3423
3993 4502
4549 3219
1996 1969
2877 2735
4182 1905
1916 3122
883 111
3946 1868
1966 3360
755 2595
923 1526
1491 1459
4585 1057
4597 1189
1759 2379
4757 705
3886 2953
2662 4700
723 3075
1378 3508
961 2892
4478 2748
1732 43
3627 3996
2413 3954
4957 2615
1600 1662
4259 2270
1422 4855
2284 2390
3323 4830
3510 4629
4036 3012
2195 1615
4983 4634
3640 3154
2801 1788
2987 2759
2272 2094
4036 1172
479 3568
3419 2916
2586 4440
886 1387
1119 54
356 2520
3244 4014
2641 3223
555 3216
3843 2644
3810 295
2872 1468
3500 3288
2135 2708
3952 249
3705 733
3551 140
4931 3578
62 1504
3006 1275
2117 2258
3846 285
2775 562
2586 4582
1105 4100
1745 124
1443 3152
4283 3036
3189 4343
4284 3163
220 1816
4673 2286
1559 4079
3228 261
63 3951
2254 2501
4067 2872
4806 1866
1686 4024
3584 1024
510 110
3941 1146
1860 190
3139 1164
704 2891
1 2404
1560 4781
1955 3986
4259 1752
1311 801
3460 465
58 1080
2357 683
3205 3008
4949 3460
163 606
2419 2730
2353 1987
251 3299
1303 2199
4112 3417
3303 4809
3738 770
4380 599
1808 1735
4813 4503
2671 186
4939 752
4020 3306
2677 1328
2149 3428
4908 1949
1051 1228
4482 3292
2480 343
4188 2595
2839 2974
312 3973
2366 3425
752 3693
2728 585
1156 1981
2807 2446
3093 3951
1945 754
1487 4567
4979 4259
4295 1015
3350 1912
1483 4970
4517 3241
2347 4831
1137 188
171 793
2278 2935
1826 869
4044 4625
2545 53
3772 259
1031 4070
1477 2813
2514 784
2928 4959
851 2068
3125 2998
825 3011
1844 2752
323 4471
1398 1851
988 3617
4085 3645
2188 4868
1975 2184
2707 3322
3288 4754
1944 1170
2810 4648
1298 3616
2508 2024
2991 3029
2934 2911
432 2838
424 9
2618 2298
2476 3912
2963 87
3912 4306
33 4361
3672 1656
4229 48
594 1597
3128 4517
3310 2634
1117 3543
1070 1495
79 1554
1976 1245
2266 3014
2811 366
3451 1165
1335 1589
4036 4057
554 4364
1794 3723
665 210
3845 72
2923 3551
1357 3488
3682 234
3259 977
4053 1557
4561 2484
3490 1466
2981 2477
603 4176
3273 1526
4712 957
2603 733
3507 286
1317 2205
4191 490
2894 1995
4957 1976
1174 2684
1303 1782
4144 948
1447 1253
2373 2242
4606 3673
298 2098
3684 4988
3068 2457
3870 1199
3014 2746
2576 2428
1080 78
3556 2297
3689 4228
2053 3374
2317 1798
4677 287
4955 2765
4407 461
20 1220
4106 2130
1194 2885
2264 976
518 4652
257 3636
4586 4977
2614 2723
4542 4518
100 2349
3268 1759
2348 4061
4933 3942
1708 4120
3721 4255
1421 2287
500 3395
8 3158
3841 851
4066 2623
368 1859
1908 2748
3784 4223
2705 1321
1505 188
2880 1407
1904 1921
3904 854
303 2507
1423 2395
814 279
2702 2128
620 1739
4949 4690
4277 1175
2348 1151
2914 3526
441 97
2146 1216
72 792
4109 3476
876 2983
2765 1742
4204 4538
4209 3218
1802 3339
342 2966
277 824
4007 1064
2625 3620
2939 4020
399 424
175 2261
2547 4602
1708 635
1487 513
4634 45
2753 3857
2762 2998
2712 1883
717 603
3270 811
2090 220
2196 3709
2168 1366
823 4468
871 2658
2842 3323
1653 735
4 2611
3982 1760
2843 2327
4052 2802
386 3935
1946 1858
3362 4575
1993 3075
1253 2559
3967 3288
1595 3232
2334 2974
2227 3171
2179 4215
4570 3937
3845 1297
454 1035
3493 2439
2366 3544
1557 124
1564 4158
884 629
3537 3557
2242 343
4177 3934
1429 730
3783 3732
3439 915
3259 273
3299 372
4381 863
3588 2889
3701 606
616 3153
2301 1985
2984 286
2874 1630
4164 709
2714 4615
2155 1919
2237 4488
3615 4077
3547 2990
4998 2959
220 1673
3031 1380
410 1629
2870 24
3422 3648
1059 3019
185 3445
2035 2125
3533 3422
1385 4714
1697 2612
342 130
2107 4562
2905 2008
1450 2144
2418 3552
2335 611
3109 2454
4106 2378
387 1720
2848 3445
943 1131
4528 3791
2637 3459
4160 199
3423 723
2958 2872
3413 4962
557 2356
812 2076
2029 416
1068 4430
102 3890
1277 2851
4705 2147
1715 2228
1087 874
1352 883
4107 3917
1692 3019
3492 3347
58 4945
695 3039
938 4564
2241 4760
4147 4283
1850 4571
4794 2778
1962 4065
1896 4204
1149 2421
4200 3604
2397 4446
3535 3457
2879 2250
1092 1629
1591 343
3917 771
104 1354
171 2738
2693 1842
4552 1723
83 3820
3727 755
3962 3120
712 176
505 2404
3064 1390
4039 3297
4372 936
1915 1685
774 1037
1437 1915
3259 528
614 3992
4760 3328
1243 1830
4202 2822
3742 4600
4711 1874
2173 1254
4215 1889
3116 3631
1747 3190
3455 4655
1314 4513
2144 4851
3981 2415
389 2239
858 2587
649 3573
1576 2992
152 4162
4521 672
4074 3105
1249 3577
4210 2132
3607 1249
4196 1333
1237 4388
939 1186
4197 1722
4737 3173
319 3699
2982 204
3284 4714
986 4572
4338 4255
4556 2858
802 4474
1858 3649
2303 831
1015 1996
562 4230
1372 4144
3260 4789
1440 279
509 1904
1252 4804
4613 2433
923 3120
52 355
699 240
2846 2021
642 852
2704 2029
1270 1193
3005 938
894 1866
1499 158
4119 2157
3477 1309
2027 3956
4900 4083
3589 4592
1350 2753
4323 794
864 4955
2604 1217
2883 3367
2772 253
3953 343
3164 683
1277 451
1554 2242
2306 806
4739 3591
1764 3994
2973 3500
2275 3640
2089 4045
4524 2670
4184 88
3343 4447
3249 3646
2969 3776
3797 4043
942 2993
975 671
4400 191
4861 4682
864 862
3322 3730
4750 4894
316 1132
292 1408
703 335
2447 195
300 3090
4504 3095
1910 3473
4489 1042
3111 4544
2869 1640
4292 3695
1926 4056
2399 927
1160 565
1350 192
1285 3192
758 3313
3077 4738
4582 1085
4301 1343
431 883
1057 4590
3616 730
1907 3468
4301 283
2585 3651
765 3663
1258 582
2204 3301
2444 992
4921 4386
2713 4676
553 318
1153 399
368 4547
3869 1945
2604 2735
224 1371
2995 867
655 1133
609 1430
4696 736
4168 3720
2885 4509
472 2183
4933 2323
4168 2240
918 2027
4347 724
2776 2317
877 784
1695 3234
1839 3255
4374 650
847 2416
2721 170
2803 186
3480 3526
3124 1541
2657 2011
2073 4375
274 407
2601 4072
1158 3128
4587 3756
3181 4186
3912 801
3519 4571
3354 2723
4479 4471
2562 2740
4085 2559
3236 523
1788 1678
4418 4461
4278 4464
3387 1971
2496 1172
3135 1569
205 4556
1586 3467
566 4716
642 3335
2535 4796
2021 1240
897 2871
2396 1011
1732 362
3129 2916
3701 3011
1780 4820
1006 843
4749 137
2028 581
569 4782
2215 2899
740 1607
2095 2554
3479 1789
3518 999
2229 2519
1873 1891
812 2462
2473 160
2205 2531
2498 3012
3596 1908
1123 3839
3617 3548
1561 4787
3012 1845
2737 2709
3026 4872
1032 3553
1430 2636
2897 1712
4436 3937
3809 557
594 2857
4951 3031
1516 482
3584 982
3661 318
4519 2087
4640 19
175 626
2013 346
140 3484
816 2753
3851 1945
271 404
1321 816
4943 904
135 3258
2882 509
1189 73
3402 969
767 972
2317 1229
507 2299
4477 910
4874 542
1854 3781
46 3890
4357 919
1899 14
2841 1716
269 4815
4536 481
294 1078
4431 2705
2376 791
3514 4759
3917 4804
1292 3668
2102 1095
988 1916
4279 152
1344 4125
2654 3507
3713 153
414 3398
3140 2311
3979 1485
2283 2163
1925 1469
2117 2213
3505 4861
4568 435
934 4181
328 2230
4297 3759
2393 3389
295 535
1196 2505
2867 4997
4884 1662
171 299
3552 331
115 1677
4316 1406
2766 530
4468 4575
1753 1737
2669 1083
3196 2722
4632 134
2509 1329
4947 1876
646 3261
1876 3338
673 1122
4330 4055
2749 952
1808 4722
624 2530
830 24
3932 324
2009 4142
1822 807
3252 4544
2305 1507
3984 634
1351 1051
3380 1632
2973 1250
3622 266
544 4174
3764 892
1000 4398
2689 4743
1083 1215
1348 1514
2576 3745
1817 2958
1125 451
1610 4323
392 3226
3810 1776
720 1896
2924 2557
3612 284
2132 4972
2517 52
4952 3542
4641 2118
1901 2895
1700 3090
4489 637
256 4475
991 3581
1065 249
2091 4254
4522 490
4352 4809
4394 4146
3053 2616
2569 3357
3168 3815
4841 166
2962 2791
3824 972
4450 864
4964 4783
956 1353
4272 2305
2194 4565
2033 3903
2270 3341
1198 4444
61 1915
84 4774
1975 1294
349 1580
4063 1570
402 4423
3401 954
3517 2608
895 573
2524 1197
4634 2102
4687 4997
3585 4132
1534 156
4617 3587
2789 1265
2239 3444
4513 2512
3329 1082
404 1966
694 1440
3793 3277
90 3457
3804 2839
1675 3279
144 2719
3815 3771
2597 2802
4734 2908
2033 4159
1257 4982
242 63
4190 29
1598 4071
2585 3690
2607 779
688 4803
2472 3473
2693 1902
2605 867
3726 3458
1182 2794
1649 1774
4704 1050
1818 3841
3034 3913
1386 4606
1931 3203
1439 2875
4389 4132
295 3973
3128 3976
389 3121
2446 4014
830 1218
3446 1296
4564 1302
4661 2706
1179 734
2164 3547
3465 3055
3366 1527
445 538
3847 3896
4194 4710
75 1151
555 1364
1699 3391
223 4435
2959 3130
361 4921
2275 3887
4248 4670
3241 355
183 1538
3866 3819
3869 4178
1406 4857
1872 705
2646 4035
1305 4854
1844 3745
4174 3810
4221 4102
18 2076
577 1781
2175 1261
3195 836
1023 4496
3047 1423
3795 3238
802 4403
993 1529
825 2829
3714 3306
511 1477
2092 4218
3891 395
1443 4304
730 1988
4148 4452
3978 4933
2960 2827
4443 2373
2147 3164
4114 871
3086 1187
2005 2337
4234 2443
2964 1493
731 3711
2083 3688
3479 1562
4297 1391
3100 2293
181 1307
1034 4285
3654 865
2812 2152
736 4013
2652 50
1815 4688
183 1609
4869 2726
4394 705
2211 1937
4014 4240
862 2149
1211 1109
1196 1586
4032 837
3475 4396
2557 4907
1279 3102
564 3262
4530 295
1435 592
1396 782
4193 4421
3239 2735
2648 3804
3178 213
4696 283
3188 2694
4253 942
3784 962
3718 456
4175 888
4378 1386
3984 2523
4205 3600
2594 4781
3822 34
2829 3389
3434 871
9 1761
4063 2431
131 4724
3167 4983
3296 3734
3728 3027
261 4241
2534 893
4976 602
4047 3782
3101 1745
3616 4279
2120 4743
3022 3769
3304 122
2873 2897
101 594
875 2192
2674 160
1555 2460
1828 2834
1131 4027
3525 2848
693 4242
2555 1382
3602 3501
1634 2462
3230 1400
773 2226
1500 1588
3172 3742
2515 4633
4575 3945
1210 620
2676 352
1637 2756
1922 4350
2262 4387
2421 3943
2464 456
1155 2841
4989 346
2558 1615
360 331
2913 4522
4403 286
2690 3277
432 2257
526 4900
3306 2631
1641 1837
939 2153
1553 1194
2613 3276
581 1922
815 827
2165 1359
4742 3196
1026 2772
1907 236
974 3020
2542 3626
3907 4637
1234 750
4981 4124
2681 4216
2112 2726
1446 4385
4988 1136
2553 1670
2913 1694
2725 2284
3900 999
3895 4543
1186 497
256 3517
4129 408
632 399
987 4362
338 738
4281 3061
2374 1253
1613 4509
3565 4193
415 1928
1344 2516
618 1424
3512 2856
525 509
2592 1201
3195 4090
2557 4020
2788 2086
4690 3175
2650 837
2279 2900
1185 120
3198 4087
360 128
4329 4306
1505 3808
1312 4280
4751 1651
3042 2920
961 1725
381 134
1565 4829
2229 1329
2043 2499
3408 3249
1563 2122
3261 4093
1649 3617
2875 2231
3246 1960
2913 2355
1332 2947
4659 3385
512 1103
231 2608
3826 4264
2025 3666
1888 3913
4510 2875
3833 659
639 3777
1215 1981
4553 3327
2503 1334
848 1154
411 889
4294 2889
209 1435
4467 2612
3029 3660
1831 231
464 1945
3328 2011
1540 280
1459 4827
594 2399
3078 3384
4172 677
2710 2588
1757 4678
2310 1291
2454 4971
1793 1845
3703 919
2808 1501
4686 1351
433 1217
1468 917
2815 4475
2980 2034
3507 3023
2674 4508
4565 2672
2730 1660
4964 4058
104 1003
773 4774
1852 1169
337 4301
476 4505
4746 1255
3516 2460
2560 2055
742 1115
2406 372
2355 3720
3486 1625
991 849
1953 1889
138 95
120 745
2591 3419
3555 1770
2271 4362
1146 267
4421 1154
2605 4675
146 4829
853 443
3796 3215
1119 3537
768 3177
3763 4852
4845 2781
2423 1819
2321 2790
1821 4099
725 3090
1499 1855
4859 252
871 126
4562 4122
138 462
3469 4746
2279 4802
3945 782
2663 2972
1600 1912
613 3177
3306 2905
1197 1942
469 495
3845 360
3597 4985
3329 4109
4628 4961
1867 246
1987 4676
2524 4251
567 3748
1642 4196
3119 4294
4489 4439
4225 493
3472 122
10 518
4826 2114
1186 2138
3051 4764
1821 2404
1519 3381
3786 2035
2030 4549
2871 1993
3430 1817
3982 3246
1631 1256
2400 4176
1326 1054
2553 2056
3869 4143
706 4567
2726 4474
1336 4286
2712 4138
168 2060
1314 3978
1108 4858
2656 4904
3450 2527
2653 344
477 4030
2282 2085
1181 4942
2593 1155
3479 1620
1592 687
892 1377
1560 455
1278 3322
4642 1946
4360 2305
610 4337
919 3497
1606 3080
3438 2695
3445 2128
2749 3311
4382 1604
4440 3626
2865 2801
3991 1070
408 720
2332 3272
118 2604
1998 1556
4286 3388
3258 3902
3707 1710
51 944
884 3684
457 2334
2504 1851
2589 105
3110 3475
641 2536
2766 2734
4947 3065
524 1698
2871 4414
1847 4296
2231 980
2402 622
2416 345
163 4077
230 2301
4906 4772
2605 3727
2455 2410
3496 4981
3601 1635
3062 2421
2370 3798
2793 2422
4742 3324
4377 543
1641 2872
2036 1381
4037 2134
3492 3029
4246 1707
438 3191
4568 677
2439 103
4849 864
982 2173
4887 545
3730 100
3426 4921
1890 2950
1604 3684
683 3252
4078 4526
447 663
1343 107
1182 2987
1460 3972
737 2348
1333 3037
3971 4970
3690 2386
2020 2699
3509 3335
1423 3619
4691 445
1847 4341
1513 1720
631 1972
4593 163
4294 2745
3106 4200
4712 606
835 2772
2412 1969
623 3398
1224 766
459 2653
4047 2623
2007 3171
560 3128
4091 1236
4280 3294
310 3872
3959 214
1482 2288
2756 916
4429 4684
2619 2064
3871 1119
2641 1971
1249 3337
3596 223
915 3487
84 2375
4957 4295
1228 3892
4718 883
2883 2444
2555 895
3145 2769
3071 515
504 3868
4338 727
3503 624
3396 883
1538 4204
4535 1431
2598 3340
1199 4627
2425 2289
4059 3160
2062 2149
2020 3062
2427 4588
1499 4193
1105 3601
4715 4491
486 3883
3223 3838
2508 4334
41 3738
2031 862
212 4945
2349 487
3262 2313
4645 2749
4382 1309
4459 905
2623 200
3895 1641
616 1588
2179 25
3585 1850
3227 1497
252 3316
4766 2922
4569 1889
2403 4301
4782 2725
1343 2254
2530 1899
3728 3319
2211 3424
2769 408
2449 2580
4510 3841
4740 556
3185 2640
561 4736
4558 1161
1749 4042
1568 4363
2057 4149
1983 873
2779 1732
1143 941
3266 4900
3293 1558
3285 1361
2666 3472
4616 3289
4654 4976
1227 4374
2932 2689
2760 499
4715 3934
4208 2438
1943 695
4278 2557
1569 3022
3673 4378
1937 4946
4919 2012
2579 1240
2280 4610
4555 248
115 4185
3642 1492
1833 4432
3135 1322
4299 3694
3622 3004
4434 194
2206 1941
3356 505
4902 4527
4400 1324
4095 1292
1939 3471
2462 193
649 3465
3789 2492
3422 3329
5000 3504
2651 4061
441 3801
2409 1959
3993 2869
779 101
1498 393
4883 2392
2364 3287
2178 4692
2323 910
857 3664
4265 3051
1195 3863
3294 2072
3275 3754
4377 1109
3384 3607
624 3737
1737 626
292 1799
2527 4564
3748 4826
2933 4474
3861 4518
3106 4436
681 4417
4748 4062
3492 2399
4283 3625
2901 1289
3753 1245
2606 3284
2113 4933
4783 108
4331 1364
1862 367
2734 3021
3626 4242
3859 4798
34 1010
4127 417
952 4777
3966 3108
1636 3421
318 4544
4028 2400
3961 2225
2595 464
4321 1303
3911 4910
644 2978
4454 4845
611 4697
4293 4043
891 1154
1302 3539
850 183
2325 303
633 4319
4771 3814
3591 4671
2648 1905
2516 2180
1145 4446
950 4420
869 2729
1499 3247
1836 3683
1728 4173
3578 4089
1510 4998
1844 1881
3848 2680
4385 4102
1882 1116
287 3052
849 2097
1630 2482
1152 2794
190 2629
2548 708
3313 2393
3229 658
2352 654
3023 1449
2400 4277
4365 1345
1796 3010
100 3688
3215 3017
2221 744
4743 3019
4425 300
4467 1943
2829 32
4409 2114
1623 526
29 417
4175 3087
4173 1433
4590 368
4543 4488
3767 61
3910 367
3670 4966
2578 3079
3416 2849
1948 306
1514 3464
3421 4271
3079 2826
2929 3200
3235 4291
2621 1517
74 2761
4629 2029
4917 4021
3837 4640
3538 1652
1778 3245
1893 196
1459 2754
630 3567
1962 886
4817 150
3109 723
1048 4238
890 853
2730 4320
4797 558
4126 3719
1613 3540
1828 4352
4526 3613
2873 330
1243 1574
1234 2045
2309 3083
3853 2381
4695 1502
4420 1449
544 2323
1268 1751
4637 1972
4621 1217
255 2102
4327 2988
1826 3662
2372 2489
1725 1933
4630 3465
649 3090
514 1684
4297 4825
4126 2775
4277 1264
1344 2885
115 3679
2627 1437
1393 3251
3602 3046
1662 4711
1130 1564
1953 3780
4427 2013
3108 4701
2307 3739
2366 914
2706 1099
2771 1358
2237 2712
154 75
4427 1123
4545 2068
2033 4327
3694 3120
2413 1030
4347 1698
2232 466
797 112
2627 1192
248 17
2356 4531
3363 25
1642 3880
4268 4878
3511 4084
1842 3432
1161 316
4932 4768
2215 581
4379 1361
1743 3759
1569 2602
2660 2922
3643 127
4523 901
3810 4179
3680 3560
3269 1867
2503 2921
865 2157
90 1145
954 965
1503 30
3878 2111
3252 3713
1469 44
1426 3041
2917 3608
2465 4184
896 570
4639 3596
3611 2096
346 3550
3851 598
2976 4035
4583 3246
1526 4547
1578 4084
2282 4307
2701 3994
1860 1183
1144 1361
2786 813
4109 2526
1684 4393
1234 2676
1304 4495
2846 4821
3558 3864
1181 4803
4445 4704
1578 4992
2262 4025
2401 2885
413 2305
1281 1723
2277 41
4859 3546
1783 4535
2131 654
519 734
1867 4538
4789 4425
1818 2501
1333 4999
2076 1534
692 2714
2970 3117
1637 2463
1419 4579
548 2268
3839 2473
443 2857
3082 533
4360 1957
3544 2061
4631 2318
2306 2722
2307 3549
2219 1243
14 2834
4263 4508
970 733
1376 2220
1725 4620
2819 311
2053 1951
3083 1252
3975 2853
4069 4419
2595 4306
1927 634
2353 3326
607 1614
1356 4229
4475 853
3549 4910
3616 3154
239 1736
4206 1224
4533 834
1662 740
1413 2038
3013 3207
4458 4348
4150 426
676 307
3220 2158
3568 2849
927 3388
1470 4589
510 3721
820 1529
3286 326
2002 771
1011 3553
4979 1858
2966 67
3933 3350
4478 3295
1817 4878
855 2654
1675 1023
2328 411
2665 2161
3935 4131
3376 3050
3062 4587
892 3234
3950 3063
277 4585
577 4605
3746 1661
999 4729
4562 1254
4070 3205
2786 2184
2526 849
3938 4765
1785 1612
1415 4994
483 1949
391 2245
4316 4857
1990 1159
760 1548
4464 4198
1414 4561
1902 2343
1769 3994
24 2184
4385 376
1860 580
1790 601
3207 1287
1926 2248
934 3154
703 4793
1259 2399
4433 1299
1876 929
2274 2
2118 3083
171 49
2445 1695
797 638
937 1928
3295 4310
3209 1882
1238 3348
367 2296
117 146
3203 384
1972 4337
3821 165
1946 4946
1486 1997
2366 4524
1832 1566
3859 392
3592 2134
4323 1421
1047 2226
4629 1967
2149 598
1110 4661
4334 402
1592 746
4379 1685
3712 4902
116 2001
1750 2798
4505 4390
3171 1247
2046 3157
3558 620
230 344
2921 191
1506 2889
3480 1091
222 2544
4557 2434
4795 2563
2764 136
4111 1078
1907 4248
646 2784
1499 2825
3147 2732
4909 2217
2381 2338
1710 728
3934 4574
3417 186
77 749
1124 3937
4175 3323
862 2810
1653 3882
3028 4471
1704 3824
2269 1240
892 1658
1780 4146
4900 141
4763 518
150 3229
4944 3542
680 1409
4195 994
2740 4602
104 78
425 2182
1654 2708
3867 1812
3569 2881
4152 3425
2592 1120
2610 1317
1587 2997
4543 3301
3560 2367
3600 968
4902 1741
2739 2891
1106 1682
2059 3942
696 455
2855 1374
1123 1669
4081 1120
4861 3134
2626 3289
4591 4757
43 1342
1191 4583
2911 1402
61 2233
3407 2108
2624 2464
1016 3612
1874 1497
2443 3061
3649 3023
3831 2784
2042 592
4912 3047
2504 979
3775 2620
4931 4488
539 1945
2247 2841
4868 2717
2398 158
1864 4899
1440 2040
588 33
582 853
4483 1117
2543 3874
3056 4386
4427 3482
4265 2572
131 2025
2929 4930
1247 1282
3342 2210
60 1744
3299 3939
2188 1546
1278 1665
389 2646
68 2890
3780 4162
964 3175
3076 4982
4530 3827
2968 4011
1910 1758
3181 3707
3428 3041
363 1697
2581 539
1735 233
2935 4438
1352 4124
4837 3043
1104 2976
257 507
1131 798
2233 960
2646 2943
2558 3848
2538 2182
1798 3304
2343 199
3022 3597
2487 702
498 1711
206 4660
1775 4051
2651 4592
2930 1657
1760 3366
4741 1564
3812 3668
743 791
509 2644
3442 486
4794 3997
556 1104
570 2483
3683 3737
4215 589
880 2829
4884 4549
4272 3066
1698 770
4537 874
1600 1075
4200 2584
609 4251
3777 3169
2774 763
3028 2218
2802 27
363 550
337 1522
3534 4636
2612 3076
836 997
3290 763
4217 3734
2476 4079
2935 2574
3407 2116
1229 2986
3647 2271
4844 2911
1116 4496
1185 744
3248 2697
655 2379
1241 4327
1737 4158
2311 1765
3499 1986
1927 4205
175 4975
1760 4911
2568 3203
47 439
741 603
2489 1669
30 599
2683 1723
2782 1026
1238 4971
4111 3249
4024 4939
2905 426
4230 4721
276 3105
2175 4521
2244 71
3391 699
2422 3365
3747 4306
3926 1001
4322 201
3712 3804
3641 4509
2215 3762
4243 1794
4185 3517
2412 2260
1289 550
1447 327
3130 3358
3282 4319
728 3225
1538 4155
3000 2369
2584 321
794 974
2589 3330
4655 876
3926 3907
3068 1488
4317 3706
2787 520
2330 3516
1500 571
2362 2160
1182 4880
2298 4843
4017 228
529 375
1596 85
592 4647
1164 1363
4582 3903
3991 3320
2510 2653
2454 4779
2074 2722
3965 3180
1316 3655
1256 445
2618 3213
1054 1064
2963 143
1776 3102
64 726
3337 1841
1903 1595
4948 238
4994 908
2137 2547
389 95
3460 3861
3952 738
3238 4932
987 4934
4744 3462
1201 4031
3694 3087
3742 4001
3816 2051
953 817
4418 1893
1894 2949
1818 4487
1832 2104
350 687
1348 4487
4219 1832
2773 3155
552 4355
3594 4442
3198 1084
4541 3063
1040 4121
4614 4280
982 800
3312 1184
4923 2722
2229 3058
4298 3216
4090 1544
4366 1457
4449 1431
3603 4931
2226 4464
4316 3663
379 2575
2123 4846
1509 446
4395 1327
3898 2538
1567 648
2781 130
348 543
3812 2005
510 3878
264 1393
1956 4180
405 4074
4876 1993
1040 287
1874 4863
3391 1657
4435 3926
1799 2512
2130 4267
4459 1674
1249 34
2366 110
12 1863
865 1390
4066 3362
771 3927
1898 1163
1081 3891
2026 4908
662 659
3117 4013
2852 4585
4744 2178
1524 2487
639 1930
3473 970
4689 3469
572 4984
3130 1625
1647 4706
1584 4689
3916 1633
4839 4788
1218 944
2152 4591
4634 354
729 2796
103 2194
3925 685
1168 1203
2828 4800
4667 514
4110 2427
871 1570
4477 179
241 705
3027 4500
1662 1762
2506 4347
4472 2097
1603 2590
1714 2730
4391 3756
4637 3920
2913 4705
2761 3822
3535 765
4426 3769
1554 3346
2746 3736
4087 300
1376 2502
4486 367
4101 2029
2014 2965
3788 3151
3995 4115
619 1214
1863 2324
476 3451
4281 961
1718 841
605 1669
2450 876
2779 4810
1285 1368
3347 2014
4407 3808
3142 3611
4842 1563
1542 3032
2753 3590
1551 1081
4340 775
3547 2603
4189 3219
356 2460
106 3389
4990 2367
1125 3376
3027 3126
2365 2379
4322 1579
1606 1567
3356 4283
1016 1714
1713 1820
3128 4465
1147 3632
3787 1708
3054 1378
3974 3440
2030 3562
972 4755
3782 1435
1262 4793
608 763
2966 1705
1120 390
1061 2952
2837 2149
1352 3345
1435 424
365 1026
4265 2406
1809 4637
3333 162
4972 3597
4472 2615
2728 1875
631 115
3454 1694
2073 1300
885 3506
4463 2185
2682 3968
4371 646
3926 4398
4771 4766
3464 3645
4127 4681
1083 4977
1574 3053
2661 3852
3109 1972
159 2666
4408 4543
3965 2680
4209 3451
2770 3747
284 964
3253 3805
4238 2511
303 985
1824 2251
1915 379
2315 3533
893 4083
3919 1932
1378 4487
84 1775
2498 3936
2531 2322
1146 2214
1669 2504
3416 2037
2682 1586
2705 1706
1259 1801
994 870
2982 1675
4448 4916
1921 1837
4183 3149
3240 568
3425 742
3470 3068
1713 3846
2873 3502
676 3300
1945 628
2525 3832
67 2268
4470 320
2529 2435
3007 1631
3068 2008
3704 1972
4393 2892
499 505
4963 4903
4822 1922
3216 831
2965 4561
2517 608
3338 4171
535 2190
1010 174
3751 3992
4690 1002
2645 3422
1887 3760
1082 408
1313 1213
3971 429
3153 1541
1554 399
1677 724
4459 2867
2387 986
2278 1622
2870 2654
2990 1169
707 4405
1223 3434
4433 1179
1288 3741
3849 4785
671 4149
416 4021
2380 4142
3773 1740
583 125
816 907
2771 1682
3500 3865
3619 1815
4096 800
117 3055
3539 2590
1387 1849
3880 3290
4734 4431
2149 1337
168 2377
4771 2911
4507 1267
2249 2235
4450 1264
1790 1380
846 2968
2798 2811
1790 950
3918 560
1730 107
4034 4417
2117 3699
2691 4697
4481 5000
1830 1413
4125 4623
61 2503
1597 3634
440 4570
3548 2350
2784 3585
4022 1783
3580 4119
4918 3129
780 4842
4473 1336
920 2379
1639 4299
2049 3540
3947 1356
1623 2729
3490 4633
141 3346
4607 2320
919 3217
3241 1183
4376 3442
2883 3190
2311 2333
2182 1248
2892 3400
2002 2864
1163 1918
2430 3029
4037 1168
1624 3459
2210 3909
1370 1729
629 3694
840 2370
4268 3184
4014 2797
4077 3377
3914 761
727 762
3181 3530
3329 3599
2531 1118
3105 3001
2495 1802
3783 2496
1054 2141
4820 3964
1237 3460
1699 2868
2670 261
545 1794
1488 4583
4641 2571
2761 2510
3997 1163
675 3902
262 579
2860 3919
4269 1209
1937 4182
507 4011
1850 1205
4859 1749
3164 4775
2874 1013
2356 322
3252 268
2399 1
504 852
3717 4533
1378 3187
26 39
331 2076
532 4297
2096 387
4378 567
74 335
4581 3315
4617 3930
2253 3163
4368 190
1654 3899
315 1296
816 4030
1485 3579
731 4106
4656 2489
4312 4075
2736 3645
4 685
345 659
2372 1044
4933 3677
3562 1364
3068 4974
3657 393
1740 4053
4726 590
4036 1392
148 2768
2676 3229
3926 3916
3676 757
2971 2203
332 1295
273 3852
3631 2435
4104 4801
2959 2655
4328 1467
1044 2838
2177 4838
3496 736
940 2040
732 443
3525 1782
510 4407
381 378
4128 3558
2562 2691
4861 743
3780 3282
2293 2600
4783 2730
3478 2068
3341 351
4725 3872
1391 1119
3552 2289
4796 4640
4276 2451
4847 1420
4442 3754
1730 4580
1516 4002
2740 2701
4830 3304
85 733
868 2661
156 3580
989 670
2738 56
3664 4734
2605 2537
620 3520
738 4197
4969 4703
3996 899
2195 4134
1197 3261
316 4901
1184 2987
2035 2009
383 2008
2440 435
110 3807
2079 2953
4066 1389
701 646
2482 2900
1225 381
3354 3394
1820 3003
71 854
4912 1606
3066 3662
2287 4733
1427 638
1461 2439
3431 4519
2952 2058
942 2378
1436 1077
529 2399
2056 4660
172 394
374 1746
3006 2623
4755 2671
4272 4684
620 1450
2379 414
3717 2282
1242 3767
4527 2672
3552 2112
2250 2479
2785 1566
4368 3177
949 3227
4320 4280
1498 2109
1258 3379
2557 2881
1035 2937
494 1894
4319 1480
2884 3619
3705 2496
3954 4798
1386 3581
3663 3351
4213 4992
747 2138
116 330
549 1764
3551 3447
4868 1008
4618 1515
921 854
2691 1594
226 4760
4796 475
4304 798
736 4229
1558 4465
1086 4329
1452 1972
401 3256
2629 2185
728 1936
1826 4601
4924 4724
3415 3610
3046 1322
2803 3947
1243 1908
2240 4404
2839 1514
4383 2314
1663 1859
217 4152
1772 4283
4392 517
1272 4081
3572 2597
81 3673
2421 1126
2595 528
502 910
2282 1847
2286 2935
811 1415
2396 660
3857 3409
1414 4221
2773 1764
3518 827
4058 1356
4413 2269
3331 4371
2870 3219
4182 3479
4387 4738
2196 1772
4858 3878
43 4415
4926 3452
2117 42
3960 3277
4355 2544
4931 1209
1848 3563
399 3356
1563 1197
4012 2746
2296 18
747 907
4025 2405
206 1974
1022 1198
1649 4876
4094 4666
4840 4811
2008 105
1549 1482
3782 2437
3306 1284
208 1712
1521 441
3433 340
2809 4537
1530 2381
1760 866
2013 88
4982 4578
2650 2705
3775 3941
1124 2970
4759 3019
2267 2570
543 2212
1676 2842
4165 1847
1484 1696
1186 2011
295 2168
1292 4839
4552 4125
4140 438
3018 2533
4395 1441
148 422
2656 1626
3737 4267
2835 180
757 2802
2819 828
2095 4992
2025 133
2222 1225
3006 4268
3097 2089
165 2225
120 948
3315 809
679 3654
3014 2617
3088 1678
4163 1382
2774 1935
4857 3407
4648 1319
2065 2600
4866 941
4528 1954
3051 942
4549 2686
4274 4811
4942 2167
4963 3232
2462 2751
1144 4593
4628 2719
960 4052
118 3873
27 2333
3826 1103
4632 2317
3261 3128
2938 960
1033 3813
835 417
1639 2703
1315 323
2012 2908
1948 3301
659 4072
2773 4518
4896 993
3779 729
2789 1207
2572 1756
1577 49
833 182
2116 4717
718 4414
511 472
1555 179
1589 3553
2401 2180
1968 4014
3214 202
2776 118
3914 2105
906 1034
4065 4479
3830 4672
790 242
4757 520
1541 140
4311 1444
4801 3602
1450 4760
4547 3284
1726 235
3316 2223
427 1109
1719 3830
1992 1166
2758 4186
1222 3344
346 3925
4790 3119
883 290
3327 3546
1648 3595
3154 1419
700 2799
2169 4510
434 3868
2309 3756
1334 4232
2390 1765
1847 2484
2223 4302
2612 1027
2198 3042
3054 1663
4826 2511
1103 3019
2648 879
620 1734
3882 3904
1804 2402
1302 2535
4122 3836
2845 2586
4564 2550
4632 3443
1665 1295
4872 1680
1434 42
3192 1240
1750 4548
1300 2297
2890 908
2750 2442
2314 2360
2607 2361
3209 3511
3360 131
1127 539
950 959
1378 4168
1888 1701
3816 1873
824 1084
3467 2631
187 1614
1219 3437
4336 245
3176 2095
4051 686
3279 1555
2798 2954
4425 2501
1226 2601
3197 924
1188 1430
3237 898
4536 1787
2233 2260
3227 1470
1476 3092
1057 331
1844 2245
2719 1877
952 3942
2695 4612
1772 2534
4067 2335
3349 4458
2947 1438
4861 2022
4475 331
3690 2806
3517 1722
3259 1785
2636 3917
2084 486
3832 4649
1938 1913
2238 1737
4711 2891
721 389
4324 3534
1223 4915
3894 3680
1099 2497
2966 3910
2458 2122
1035 286
3860 2632
890 4404
4007 2988
431 1350
647 753
3469 323
3091 2918
2667 4269
1633 2871
4541 4371
1774 1494
246 3550
4224 4494
4270 2094
2986 664
2640 3493
1450 3456
1482 4663
551 41
3935 1126
3851 2978
4223 1174
3538 1682
4784 3240
3741 4561
1104 1038
3729 584
3048 26
877 800
4678 837
1010 2316
354 895
2152 924
1787 2464
2066 3187
3398 4982
1956 3471
1185 3886
26 4269
408 1246
862 4450
953 361
4058 4982
2328 1001
4637 1990
3690 3540
2652 4214
1233 2090
140 319
1917 121
4529 4452
4036 3185
2843 4799
268 4875
608 337
292 4238
3859 1166
1315 2890
4201 1573
4594 3485
3510 4350
1509 860
1637 2860
4352 1879
118 4966
2829 1878
1862 3682
2983 2945
1926 2391
3813 1513
2477 3148
631 3311
3710 3665
4438 1385
950 4654
4857 4528
1392 2513
2541 4572
2700 807
2385 4063
2702 2330
632 4949
1983 1411
3587 4132
4976 1476
138 3582
3549 4476
1493 640
2560 3629
2452 83
2601 340
896 2432
2359 606
2266 2290
2945 1243
3742 1507
4920 495
3311 1809
1001 3362
777 2193
3004 4892
695 610
1234 3332
630 2761
3215 1815
1011 4870
2959 2105
2149 4764
2224 3759
2934 43
1063 1322
3033 2126
99 2453
315 4190
3528 1905
4379 3244
787 4485
4064 875
4503 3130
4852 755
3000 2901
966 3289
3265 1174
3102 4578
2195 2753
3780 1425
3589 3783
687 460
426 2406
1443 1146
1452 3574
2881 2681
4476 2926
1298 1478
4882 3588
1622 1743
3194 1203
2277 3995
3745 2046
1259 2867
4551 1351
4172 4020
2608 223
1262 1255
2257 599
4118 1266
4715 3481
1174 2031
1047 2018
371 3299
3907 1801
932 1114
3502 4916
1690 1677
2291 600
3306 4352
1601 1010
1168 752
1547 860
2880 1329
131 2690
2381 3827
1546 1422
853 433
3403 3861
1331 2967
2754 4460
3202 1518
956 307
3925 885
3803 4159
1940 1703
2431 2926
2113 4575
2624 96
1860 4405
1800 1766
1487 3523
4283 3059
2550 2871
2304 667
3083 4572
3835 1141
4306 3707
3274 172
4304 758
1081 3880
3464 2417
954 1584
2632 2967
2450 90
2324 52
351 3852
1469 4680
2874 206
2021 4567
2278 4740
3850 4858
379 2848
3837 2659
4425 725
4388 3695
4182 2063
498 2937
2276 4947
1397 1299
502 2915
805 766
1351 4003
2510 460
3053 2150
4835 4737
4614 1416
1080 3925
1303 3676
570 3732
3347 2708
2456 2249
2012 3125
1718 56
144 438
3068 1990
4787 2756
4821 435
1565 3033
1362 4789
4629 2162
3200 152
3456 1828
866 2440
2375 4112
1373 4529
343 2155
738 3488
2010 4540
4342 1656
1491 2539
4491 796
70 3820
772 3027
2417 2902
3542 2521
334 2546
1275 2850
893 2552
1880 2600
1142 1814
80 3811
1504 1296
1578 4985
717 2017
4795 1332
3330 2200
1409 2336
3500 2173
4182 1928
1736 1052
989 4075
2673 3119
3783 1839
3087 3338
180 772
2650 4430
4617 664
3230 2558
2309 1452
4742 2775
3763 1622
2549 3994
3514 2071
1342 923
3150 1286
2153 46
4954 1872
3428 2177
3111 3000
61 934
336 3990
903 4283
1630 2812
171 31
2265 3298
2476 2680
4865 308
1903 2778
4678 2528
1446 3840
4086 2681
4170 1573
4365 2108
2219 1221
4942 3386
3393 3935
3476 2243
2840 712
1891 4948
4408 4857
4610 936
4539 1029
3744 2128
2374 1828
1256 4555
3852 3949
2809 4623
71 923
1792 2658
2858 1496
3855 3322
3111 571
642 2859
638 2092
2475 1780
2417 1999
872 346
4862 2411
2718 4395
1200 622
4942 1825
3966 4304
115 3416
2926 97
4336 1588
4649 2193
3974 930
2963 2412
2740 3503
441 1320
855 1056
4314 3355
1137 2645
2177 694
4397 564
3083 853
3594 739
3110 2250
1867 461
3877 4876
1080 1105
749 1653
2800 3166
1544 3115
922 1862
1571 2694
1893 3238
864 4592
3143 1564
2842 1369
2702 546
334 2211
1955 885
2222 3452
3543 471
1489 674
294 4378
174 1724
452 1742
3766 117
664 208
4339 3710
834 372
3561 3425
1481 2434
4674 1512
2326 4538
3566 777
3543 1010
4845 3750
3215 4827
4506 1617
1091 1795
2355 1566
83 1261
967 3624
2798 2495
1905 3358
4679 1499
1862 2132
4620 4277
3687 512
182 4270
3600 912
3463 4776
3922 3151
3235 4565
190 1237
3449 3338
690 3204
2276 1045
1680 2628
4821 1252
4535 4098
1880 1722
160 1254
2396 1973
3155 997
431 625
1326 585
4475 1054
2054 2150
307 1701
2396 4988
4192 1613
2120 1774
2145 1085
4147 4596
3386 885
3391 1659
198 370
3839 132
3724 590
1100 4521
4706 1514
833 1996
1706 483
2547 102
1804 634
2242 3332
1050 568
1633 503
216 4392
845 726
1775 3155
3565 4491
1869 675
2810 696
2238 2439
189 1660
1644 4418
3680 4706
333 3341
2700 3005
4073 1381
3984 2505
2725 269
1282 1797
4905 2516
517 1061
1491 2450
3484 1966
906 420
1829 1916
135 1014
4577 1478
2886 2747
4143 3220
4786 2947
1764 2803
2051 2431
104 3264
3202 1299
3765 509
3006 135
838 1971
1580 3249
4002 4162
3131 468
1627 2830
4265 3925
972 367
4935 3566
1579 471
3193 4199
4267 2397
397 3666
3345 4871
2674 2344
570 842
2112 4017
1822 3773
582 1832
714 1481
281 2389
300 659
1591 4991
3737 2421
745 1623
4179 1388
3078 2401
3355 495
2173 1783
4857 2601
2782 3130
1723 3792
1960 3495
4468 3683
71 3658
4523 2503
2736 1715
2487 2316
1429 4217
3295 4620
2522 2577
3179 3789
3012 1422
4978 1237
2202 2210
1041 709
2760 4479
2420 1766
4199 2207
325 2609
1860 2904
854 2478
1374 2714
2231 1483
521 1693
501 2932
2264 4931
1032 1153
1928 3012
430 1017
2873 4277
3139 3385
339 2076
4059 1460
1818 4728
2078 4075
3731 3790
4067 722
772 684
1386 3129
1207 4909
527 84
1311 1259
1541 165
3332 4873
2108 262
2193 4783
1088 3121
1691 1713
4258 4236
1132 2375
563 3997
3137 3253
4457 1971
1383 4867
230 1637
74 644
2070 1607
4706 1710
4396 3615
2721 4277
4803 4367
1554 1334
4818 4165
2107 3464
391 1688
3345 3561
2360 730
4661 2227
551 2075
534 555
2441 2169
1640 965
952 3592
1095 567
3519 2150
4547 4009
4513 3777
4990 1414
1822 1079
577 934
2590 4089
2607 1492
4383 2318
3115 3051
116 3048
4299 402
2162 2701
1136 4999
3748 2506
249 240
215 2276
631 1935
4525 881
3387 2278
4840 4497
4813 2821
2788 4818
2704 2065
3915 3917
2169 3658
27 607
4829 2416
4399 1878
278 3690
1804 699
1795 427
2915 1853
2862 856
3589 4475
700 1215
4850 3241
4271 3590
4621 254
1754 3949
1286 3716
601 3338
1473 1082
2526 1896
103 4936
205 2064
993 1338
1622 3065
4371 3749
217 2139
2990 4061
1883 938
4207 4407
1608 2911
4013 285
4812 1986
1068 525
1847 1545
4366 4265
3801 4745
489 1204
1187 4272
1071 2440
2753 3511
4666 4060
997 1589
3806 1183
2033 4337
2231 1252
1991 4361
2247 4034
3137 3826
2793 3285
4777 2598
2371 1440
4513 1958
2819 4857
157 43
4588 3377
288 4268
714 4300
812 2748
3407 4053
579 4005
86 3288
366 1962
280 41
4900 312
1944 4806
4975 2025
2592 3110
3541 2958
4084 4381
2683 309
733 1137
4783 2516
835 4382
250 1347
4830 4642
1488 3803
3261 3141
1237 4970
4945 3162
1332 2232
1431 110
1387 4243
4222 1989
3623 408
1088 2150
242 460
3719 1470
2923 324
3180 4119
2170 731
2351 1533
2556 1256
622 2179
393 4476
3798 4274
41 511
4193 53
133 1506
491 2499
1610 4230
3659 3924
4088 1719
2935 4839
410 142
3656 4471
4791 3128
1341 1592
86 3885
1253 4556
3417 1221
1854 4321
4449 2734
4878 3038
4360 3352
3886 3804
1830 2609
4304 1566
4630 389
2254 648
3557 1306
3664 3794
4827 2744
1572 4117
1186 3647
930 180
2033 2066
25 4875
3439 25
4137 919
1563 3688
4393 89
4953 1084
1417 1650
3899 3825
2275 4585
4362 1462
1571 837
3471 205
569 4509
2130 2213 3082 1741
