500
51111777
533375233
607933426
316898001
709940771
926271429
332575385
150466141
547795978
160373146
640335156
620711491
999326017
546107132
609461330
862418468
604707489
127020169
469825815
213973157
572872357
560602816
26541506
992789755
686247815
939892539
648867749
785052809
184731423
235034541
702280385
68990854
156399041
401710263
508037934
283968401
14211865
804200853
963494073
172066581
107487934
703561652
87016801
344981026
335049244
497445177
527568047
64462794
921386657
624010364
823507353
654673273
13689365
697470921
848701271
481286721
907114863
900114561
610807117
789009223
389653272
68186415
538525101
672963689
593794337
750542401
859025071
59202364
335849576
956042419
16580581
910347385
690874161
338729141
301930881
544583801
119267081
932871045
405236874
664054701
110207489
681690211
758725249
727968530
683245030
996325755
815329403
492416609
873166799
271292881
469291706
160587413
130087421
874981401
972170113
912163537
249836505
204159152
483625293
824447751
260156783
680453333
250937221
138553389
514849057
985928826
464659892
551182753
896820776
496161641
571458595
631333415
628008489
292734594
806883297
759329731
163893129
21257227
791050557
727170508
296002325
164501465
973015821
291874971
626940331
872044611
397106227
67676881
412040353
476842511
199775893
797442051
789908217
954717217
181330842
789926291
242415002
924039376
379044601
471938627
542400527
805711393
108245559
460648656
34315233
331410051
645735928
51618113
500253098
645231301
624739594
934880101
886525376
121813513
32921089
281967555
45586001
171757637
589545941
72581523
164012305
10527985
42234022
488195186
677000137
742709637
239700949
831156426
254642948
172174351
771214415
920628721
806334873
958341249
556194055
546836193
941721425
236971477
405768595
631920679
622889204
294939169
409588938
330704191
83031437
897089481
465186270
656949251
580748390
784419321
370413163
298385981
712907417
841280291
706146306
963469509
732902645
924460027
654554501
65642714
657775501
457552666
989592401
459171650
543723674
724156205
686856171
897230710
209713081
731689275
231648311
678089255
795122413
88751617
57624453
498100421
498884157
578266549
887824211
654007549
958110945
589889461
684958149
235871701
895391891
939363257
922392126
479952369
380223341
727482404
870302209
433726523
928908985
24600825
46411161
304133718
146375860
465511229
464393748
524725003
61510949
538859678
66774101
193852312
89171545
221279412
717726170
434291976
117413232
669766721
969882865
536431745
266629121
59840046
595343635
932466793
125935297
759370330
722369593
79505537
778687893
20487784
435361186
634114769
5002869
254665565
135076881
263740577
4877561
215364801
401809647
609616764
251665349
120141316
615748141
936506561
641168490
559555071
647555169
805917215
261924913
62734001
992895401
431408505
579189084
391604779
389991141
365411703
964443771
853420657
290328103
173630285
692824311
965418735
546836091
35145265
663874252
332364472
429342615
46061881
565223301
769558987
497930836
18154264
510712129
282276865
436667601
740772885
990437905
18124429
871344357
832371571
305261881
64725767
145460513
5286989
295807893
160247892
38128041
366128425
181209553
397194951
59286001
375601092
773310254
678533373
191302297
206761601
625139411
914132334
828139059
636727815
135398069
981243385
671781827
413286722
112273569
152267713
381433921
466243858
942138001
67593921
945242007
645890822
800754979
25106321
735617645
948886889
596672201
518318042
272338025
474521613
805401863
908620188
987618929
254583423
591157081
634721737
63614453
82937987
425948061
654733707
526923642
47533386
803734791
196604721
12900359
646146933
417952816
460809709
730509141
968044221
904222289
11359375
502545887
649372365
715289101
165853098
759599711
376239151
705784581
878005965
876196473
511983745
695559361
8121089
289645121
237303811
510092561
478921166
204693911
353785385
767802936
341027436
200964185
501788437
493972873
77450561
922090377
972324593
877573817
92854127
458289654
388410009
723086015
813705847
849017241
558289276
85760922
925845591
58255812
533147413
662931817
103066484
229948905
329837281
934374831
484896215
730096363
990025010
964963631
831204671
136209895
236402921
187427551
406576622
850900097
733500553
777532165
417823848
241113761
914591827
371908533
159906382
85694883
622797564
876746182
856771863
120114033
171266921
829491601
690504389
431184924
807318611
781391787
352319686
484636713
831360681
594925961
810394471
944899540
914971681
694499101
702986001
192347296
438609793
352937047
146729869
414909829
30444303
556267021
915198519
558905873
315632057
164102545
779519170
521638957
841299121
497422231
566269472
620259403
663894338
263231695
987994103
256234537
365569411
89766115
754226171
396859401
38206312
562594535
950554701
298626676
886664713
5431713
341828193
216424097
694889247
820650454
269658247
27626
925265189
851056253
134079783
738666275
969027743
856195333
447909761
651750451
101750829
