69
247 230090152117003921 634292366720001 709370548760737
140 75937386691137601 470310527675649 852847340510801
888 10923239365018177 518309501292141 954290086395827
710 22615856310548161 508068970516361 625529786453697
590 103096057195203601 706101725666433 710076100023481
113 13323806832683341 70873500581121 935601012624385
908 97638760432501 24016667804269 448979250442717
541 155456877257399521 493173724563961 623371562811800
965 985807251244225 39596292242051 49850850348001
821 10918782842739409 537411259648001 730424769187009
430 15052373587658265 552248688119193 901632504450433
181 5232518738438401 132463955862049 156059913990401
759 31528050535821126 6560763069991 565305001496501
186 12978922879037441 202275564053185 242621081456705
669 1933133413298673 627255293438655 770649793993021
547 127948578018416695 805838251011438 845653968320833
325 22880117624426497 193121627325001 412538128088241
19 73106960671602771 65426842498873 407605447671661
429 108360942082381 357110582301046 961063426346301
661 53876245345887441 278441212665401 578483738933153
451 79375015573567201 271915168539201 941516320875705
616 66570862794330561 32688007079761 217221364876431
241 458957536290001 598333307588251 867300906335201
165 36387910582315201 372192305879641 661181058517213
866 32131250906442481 113302842620881 354087657536661
276 406605098290152769 70573785467793 79668551531301
843 1430150157681841 7098401122281 990916601475451
560 255340325175815089 208073147314401 439318120890511
974 16048688372976001 384318371189441 998083413573761
86 40781216966305681 77817855807251 628811871228169
346 18077038111645849 127438729019351 879256040628217
220 167715241846636481 267882675583681 403096108791121
442 7037537731039081 202945044582501 535192254313621
734 3799564151967585 560333203479701 931729285309761
645 32498540839512943 291572906288145 487770144158423
137 20476289031579181 76942988966017 245638216467857
361 3516313467653515 310135871482293 654974049031331
521 20626422132191041 761206761929281 942051000229601
565 3333308015577541 236318606756749 501568781975361
64 46375960450096001 711498137183727 783017390452737
638 212781758890196161 161602697666625 815274689791071
95 16748569658201473 505813298560257 831721267142673
536 30778742664997601 153276542033 229241697734803
162 5344322875726001 773470447733601 792583134732416
62 32734275147547381 355834830370905 889668752254001
698 50163792260746753 215762099486626 395860890103750
116 20015596271414909 118456579240201 264041863892033
843 53757236795806839 349088304785443 684281440040929
285 1987193062714861 929400036688854 941790021475177
234 114466105431160701 510328370215201 936667551663801
784 4046489050312801 35617394391637 442749448137401
31 1415928251406889 121136660250391 608341956795841
280 11947794442282441 277196252450881 945214566231301
392 74386128626972776 106414305833547 219831465483057
954 20740885419854601 66091767556517 537133062936911
947 63830867523209389 22783256921433 490945741007801
761 535383412845639601 349206765109953 491635539774625
824 3317124681030651 192717445215313 271648579356561
829 50283364208989601 863758822362401 984494462254122
544 123365213470886401 359497260758989 764306691233209
384 151571591488989964 772052753027037 982351487125601
708 772333794643861 752752489380865 903458739903001
673 181156032376754581 651460608938601 823286273135610
404 4482597780157883 286395073199601 854458943302001
233 14987766384920001 293952233589029 435935453396721
365 25249675785545509 449505547294941 935857269873001
840 85421511685211641 171338117723213 681022800213441
451 174097497152634721 358490894834401 730181985282701
529 41202471074155777 83467452433601 718640523885781